Script started on Thu 01 Dec 2016 06:15:37 PM EST
]0;csadmin@csadmin-VirtualBox: ~/CS315-F16-LowmanRobert/unit04-hw[01;32mcsadmin@csadmin-VirtualBox[00m:[01;34m~/CS315-F16-LowmanRobert/unit04-hw[00m$ pytho [Kn multiplicattiontable.py 
Enter the size: 3
1	2	3	
2	4	6	
3	6	9	
]0;csadmin@csadmin-VirtualBox: ~/CS315-F16-LowmanRobert/unit04-hw[01;32mcsadmin@csadmin-VirtualBox[00m:[01;34m~/CS315-F16-LowmanRobert/unit04-hw[00m$ python multiplicattiontable.py 
Enter the size: 5
1	2	3	4	5	
2	4	6	8	10	
3	6	9	12	15	
4	8	12	16	20	
5	10	15	20	25	
]0;csadmin@csadmin-VirtualBox: ~/CS315-F16-LowmanRobert/unit04-hw[01;32mcsadmin@csadmin-VirtualBox[00m:[01;34m~/CS315-F16-LowmanRobert/unit04-hw[00m$ 
]0;csadmin@csadmin-VirtualBox: ~/CS315-F16-LowmanRobert/unit04-hw[01;32mcsadmin@csadmin-VirtualBox[00m:[01;34m~/CS315-F16-LowmanRobert/unit04-hw[00m$ python multiplicattiontable.py 
Enter the size: 9
1	2	3	4	5	6	7	8	9	
2	4	6	8	10	12	14	16	18	
3	6	9	12	15	18	21	24	27	
4	8	12	16	20	24	28	32	36	
5	10	15	20	25	30	35	40	45	
6	12	18	24	30	36	42	48	54	
7	14	21	28	35	42	49	56	63	
8	16	24	32	40	48	56	64	72	
9	18	27	36	45	54	63	72	81	
]0;csadmin@csadmin-VirtualBox: ~/CS315-F16-LowmanRobert/unit04-hw[01;32mcsadmin@csadmin-VirtualBox[00m:[01;34m~/CS315-F16-LowmanRobert/unit04-hw[00m$ exit

Script done on Thu 01 Dec 2016 06:16:44 PM EST
